349
376
392
413
446
466
499
524
556
574
584
591
607
628
650
682
740
794
829
862
895
941
966
993
1006
1013
1036
1076
1117
1139
1147
1155
1191
1223
1267
1308
1349
1379
1384
1392
1398
1415
1430
1448
1463
1491
1523
1554
1572
1593
1604
1612
1610
1618
1646
1675
1697
1704
1718
1746
1777
1793
1803
1819
1853
1879
1894
1896
1899
1911
1936
1975
2023
2060
2092
2120
2148
2186
2209
2240
2251
2262
2265
2268
2285
2304
2359
2388
2424
2424
2436
2441
2435
2429
2421
2440
2470
2500
2508
2496
2485
2478
2471
2452
2451
2461
2487
2498
2509
2534
2577
2608
2624
2631
2650
2669
2680
2689
2696
2703
2747
2801
2862
2903
2930
2949
2951
2956
2956
2976
3001
3041
3069
3093
3117
3136
3158
3180
3206
3228
3237
3253
3275
3300
3316
3336
3349
3357
3342
3333
3333
3359
3389
3436
3470
3504
3508
3520
3541
3529
3514
3486
3496
3502
3515
3527
3537
3547
3555
3563
3577
3591
3603
3607
3619
3633
3640
3646
3652
3662
3676
3691
3705
3717
3728
3741
3747
3757
3770
3787
3802
3833
3860
3897
3914
3933
3942
3952
3970
3989
4005
4000
3994
3967
3959
3952
3967
4004
4034
4079
4095
4139
4179
4220
4248
4266
4285
4300
4315
4335
4346
4358
4362
4368
4374
4380
4386
4389
4383
4387
4393
4408
4415
4437
4444
4462
4468
4498
4522
4539
4547
4550
4555
4548
4539
4540
4557
4575
4587
4597
4616
4643
4678
4720
4746
4764
4766
4777
4786
4800
4816
4833
4845
4850
4877
4892
4902
4898
4907
4919
4938
4966
5001
5034
5079
5119
5145
5146
5148
5172
5198
5224
5225
5230
5246
5271
5297
5311
5337
5358
5380
5415
5454
5492
5499
5513
5547
5581
5607
5617
5627
5631
5632
5635
5642
5650
5673
5710
5745
5765
5774
5808
5840
5872
5879
5891
5901
5907
5894
5896
5902
5938
5949
5964
5963
5966
5968
5976
5991
6005
5996
5980
5960
5958
5963
5989
6016
6044
6054
6062
6076
6094
6116
6129
6135
6147
6161
6178
6180
6183
6193
6208
6220
6248
6299
6355
6398
6419
6441
6453
6462
6465
6467
6471
6489
6529
6558
6572
6567
6574
6581
6594
6606
6619
6624
6629
6643
6660
6678
6686
6699
6715
6731
6734
6733
6748
6767
6786
6783
6782
6782
6808
6841
6873
6883
6878
6873
6872
6877
6882
6879
6904
6932
6966
6979
6992
7008
7049
7087
7122
7126
7160
7202
7247
7281
7307
7329
7334
7339
7360
7380
7400
7420
7439
7460
7479
7498
7515
7540
7565
7590
7618
7651
7699
7724
7744
7760
7807
7858
7901
7907
7913
7918
7936
7954
7967
7971
7971
7975
7980
7992
8011
8021
8036
8045
8072
8082
8090
8105
8108
8114
8103
8112
8121
8136
8148
8164
8188
8227
8259
8285
8296
8310
8329
8361
8398
8422
8426
8422
8422
8429
8438
8475
8513
8554
8551
8556
8566
8595
8625
8646
8649
8642
8634
8637
8646
8655
8667
8679
8691
8690
8692
8692
8677
8661
8654
8699
8737
8769
8788
8810
8832
8842
8841
8841
8840
8846
8857
8867
8878
8877
8876
8874
8880
8881
8888
8901
8927
8947
8958
8966
8974
8992
9007
9023
9029
9049
9071
9095
9103
9130
9155
9180
9181
9186
9194
9249
9307
9367
9382
9387
9384
9377
9373
9367
9368
9378
9396
9415
9426
9437
9482
9533
9587
9600
9607
9608
9613
9618
9628
9623
9635
9657
9693
9732
9756
9793
9810
9833
9839
9845
9863
9896
9933
9958
9983
10003
10018
10025
10017
10011
10029
10062
10096
10097
10104
10105
10129
10148
10176
10187
10195
10184
10179
10176
10185
10195
10208
10228
10238
10267
10302
10341
10359
10385
10413
10440
10452
10459
10463
10475
10497
10531
10568
10619
10663
10695
10717
10716
10711
10694
10698
10702
10709
10717
10724
10735
10753
10746
10747
10740
10756
10762
10769
10780
10786
10785
10800
10817
10845
10855
10878
10899
10920
10931
10950
10975
10991
11009
11029
11068
11105
11143
11170
11186
11199
11208
11217
11233
11250
11270
11284
11300
11315
11326
11363
11404
11431
11429
11419
11424
11430
11444
11452
11459
11461
11469
11477
11481
11490
11499
11511
11507
11503
11500
11504
11510
11524
11541
11556
11569
11584
11601
11611
11620
11627
11636
11669
11702
11733
11736
11750
11764
11809
11845
11883
11902
11936
11973
11993
11979
11938
11902
11875
11879
11881
11895
11895
11897
11909
11929
11949
11955
11962
11975
11997
12021
12042
12054
12062
12083
12118
12156
12180
12199
12216
12231
12235
12243
12265
12289
12307
12312
12319
12322
12329
12332
12345
12340
12344
12342
12353
12367
12372
12388
12390
12400
12401
12378
12333
12287
12269
12273
12277
12285
12295
12314
12346
12374
12412
12433
12456
12462
12471
12498
12523
12548
12560
12601
12633
12660
12657
12685
12721
12760
12771
12774
12789
12825
12861
12890
12902
12924
12935
12945
12953
12969
12971
12965
12966
12981
13039
13087
13143
13163
13183
13198
13207
13209
13215
13225
13243
13255
13267
13276
13301
13321
13341
13351
13371
13406
13434
13453
13465
13477
13494
13515
13536
13554
13561
13576
13591
13623
13648
13675
13684
13692
13706
13721
13732
13732
13734
13756
13779
13818
13843
13867
13874
13881
13902
13921
13949
13972
13997
14021
14018
14049
14068
14108
14118
14133
14143
14147
14151
14162
14187
14227
14266
14285
14286
14285
14280
14275
14268
14271
14274
14278
14287
14296
14304
14313
14319
14325
14329
14337
14342
14343
14343
14348
14362
14368
14376
14381
14405
14442
14474
14493
14495
14496
14511
14528
14540
14543
14547
14568
14589
14634
14668
14702
14709
14716
14721
14726
14730
14727
14683
14640
14615
14631
14657
14674
14692
14711
14727
14745
14758
14769
14777
14769
14777
14776
14790
14790
14804
14812
14825
14833
14850
14862
14875
14879
14884
14892
14900
14900
14896
14893
14876
14862
14870
14899
14927
14933
14941
14948
14973
14980
14997
15018
15049
15086
15112
15116
15101
15072
15073
15086
15108
15138
15159
15173
15177
15159
15147
15137
15176
15210
15246
15255
15238
15219
15199
15218
15248
15282
15300
15290
15278
15266
15267
15267
15270
15286
15305
15324
15336
15340
15343
15330
15337
15345
15359
15343
15347
15357
15381
15376
15372
15368
15374
15380
15387
15392
15400
15410
15442
15483
15526
15558
15591
15617
15639
15647
15687
15720
15761
15761
15766
15759
15760
15747
15738
15732
15745
15762
15779
15789
15797
15805
15815
15837
15866
15890
15914
15932
15952
15958
15963
15967
15979
15987
16022
16051
16104
16131
16158
16166
16192
16216
16240
16266
16292
16318
16339
16360
16378
16384
16385
16389
16390
16399
16403
16414
16427
16445
16454
16458
16463
16495
16545
16601
16639
16678
16706
16732
16739
16752
16753
16754
16756
16763
16779
16791
16803
16807
16811
16815
16818
16830
16828
16830
16809
16802
16794
16805
16820
16832
16850
16865
16892
16909
16933
16948
16957
16961
16962
16991
17019
17047
17054
17060
17067
17076
17093
17110
17143
17185
17226
17250
17259
17282
17302
17328
17341
17351
17352
17352
17355
17356
17358
17380
17396
17412
17414
17431
17451
17470
17484
17487
17497
17506
17524
17531
17537
17553
17569
17594
17603
17595
17588
17585
17601
17608
17617
17658
17710
17772
17808
17849
17881
17905
17916
17921
17926
17910
17898
17885
17890
17903
17916
17936
17947
17952
17957
17964
17965
17964
17961
17973
17999
18029
18065
18091
18083
18067
18061
18089
18091
18094
18115
18146
18160
18154
18164
18184
18223
18265
18297
18315
18326
18348
18361
18386
18412
18448
18482
18502
18528
18556
18582
18601
18611
18618
18616
18611
18611
18607
18607
18608
18631
18653
18678
18692
18709
18749
18784
18816
18826
18831
18840
18842
18863
18886
18910
18945
18974
19007
19015
19023
19026
19021
19021
19021
19033
19046
19078
19118
19152
19168
19196
19224
19251
19254
19265
19309
19353
19389
19392
19361
19340
19319
19333
19341
19350
19376
19395
19425
19437
19462
19464
19469
19464
19445
19418
19396
19391
19391
19381
19381
19394
19435
19476
19505
19512
19522
19545
19567
19595
19610
19627
19652
19676
19716
19743
19774
19787
19794
19810
19834
19861
19885
19902
19933
19968
20008
20035
20050
20055
20092
20127
20168
20174
20180
20185
20190
20213
20239
20270
20283
20306
20350
20403
20446
20463
20472
20471
20470
20482
20495
20507
20506
20515
20542
20568
20589
20592
20564
20539
20518
20528
20573
20614
20664
20684
20704
20717
20722
20731
20739
20747
20753
20758
20761
20762
20775
20768
20764
20758
20775
20789
20802
20816
20842
20860
20883
20896
20908
20914
20928
20943
20957
20963
20970
20977
21005
21031
21063
21073
21098
21120
21143
21152
21156
21155
21155
21159
21139
21130
21117
21142
21165
21190
21218
21216
21214
21213
21232
21254
21251
21245
21237
21239
21244
21250
21261
21280
21316
21370
21417
21445
21454
21472
21492
21505
21514
21529
21547
21553
21551
21550
21555
21576
21599
21621
21628
21648
21669
21690
21695
21704
21714
21726
21733
21738
21744
21751
21759
21766
21772
21785
21797
21810
21833
21882
21930
21960
21964
21977
22007
22027
22043
22058
22093
22127
22145
22148
22142
22137
22139
22148
22170
22197
22249
22289
22322
22328
22333
22335
22337
22339
22353
22369
22378
22380
22380
22389
22405
22432
22463
22486
22498
22524
22548
22574
22587
22601
22613
22618
22613
22610
22608
22622
22653
22662
22659
22638
22638
22657
22675
22698
22718
22739
22762
22776
22796
22808
22844
22894
22944
22971
22988
23008
23032
23046
23057
23061
23064
23058
23050
23052
23061
23092
23126
23162
23180
23196
23214
23230
23261
23290
23331
23341
23351
23353
23365
23377
23392
23402
23420
23434
23478
23523
23555
23563
23563
23574
23577
23596
23614
23634
23658
23711
23767
23803
23816
23826
23838
23848
23858
23862
23864
23877
23894
23911
23917
23918
23920
23937
23955
23974
23968
23967
23975
23998
24025
24042
24063
24076
24109
24137
24160
24171
24179
24192
24198
24215
24244
24273
24296
24307
24318
24316
24331
24352
24402
24448
24475
24481
24492
24503
24517
24512
24506
24509
24520
24548
24580
24610
24633
24639
24647
24656
24651
24625
24623
24635
24683
24715
24749
24759
24738
24722
24706
24712
24715
24723
24731
24735
24752
24787
24822
24843
24851
24859
24860
24859
24858
24874
24890
24907
24926
24942
24965
24978
25003
25021
25061
25094
25136
25170
25207
25234
25245
25227
25176
25112
25069
25067
25078
25094
25107
25126
25160
25190
25215
25218
25224
25236
25253
25269
25283
25294
25306
25315
25328
25325
25325
25321
25336
25346
25375
25397
25444
25476
25499
25481
25461
25476
25498
25520
25522
25536
25552
25564
25571
25576
25583
25610
25635
25657
25661
25667
25680
25693
25705
25709
25714
25718
25724
25729
25734
25743
25761
25779
25809
25830
25853
25861
25869
25876
25881
25898
25914
25933
25953
25974
25991
26008
26030
26050
26082
26110
26143
26152
26162
26170
26185
26197
26248
26291
26335
26341
26342
26350
26356
26402
26441
26489
26535
26581
26618
26628
26653
26681
26671
26657
26640
26658
26689
26713
26734
26731
26737
26741
26751
26763
26790
26847
26894
26940
26935
26942
26930
26960
26987
27023
27044
27063
27080
27085
27101
27130
27172
27207
27234
27250
27263
27274
27287
27301
27320
27342
27371
27431
27479
27517
27516
27516
27523
27533
27550
27561
27574
27583
27591
27597
27610
27643
27673
27706
27731
27756
27772
27779
27787
27792
27787
27795
27813
27840
27836
27828
27805
27797
27793
27815
27839
27855
27860
27865
27870
27874
27866
27860
27853
27860
27862
27865
27867
27869
27870
27878
27891
27917
27935
27975
27996
28018
28016
28020
28023
28054
28086
28118
28120
28121
28123
28134
28150
28197
28237
28274
28280
28286
28290
28293
28297
28331
28372
28412
28425
28434
28443
28450
28437
28425
28381
28369
28365
28386
28403
28411
28430
28431
28432
28430
28437
28445
28459
28477
28499
28515
28525
28530
28545
28564
28611
28658
28705
28726
28736
28742
28750
28763
28799
28850
28902
28933
28945
28948
28954
28950
28949
28946
28965
28976
29021
29059
29133
29186
29234
29254
29258
29262
29270
29278
29289
29312
29339
29339
29322
29301
29306
29324
29345
29366
29388
29420
29451
29474
29497
29521
29548
29562
29575
29591
29603
29616
29630
29640
29645
29649
29662
29678
29683
29692
29709
29733
29762
29814
29866
29909
29919
29921
29923
29940
29955
29975
29980
30015
30044
30075
30079
30094
30109
30121
30122
30125
